You see a faint pattern in the water...

10000010
00000001
01001101
01001000
00000001
10000010
00000001
01101001
01001000
00000001
10000010
00000001
01101110
01001000
00000001
10000010
00000001
01100101
01001000
00000001
10000010
00000001
00100000
01001000
00000001
10000010
00000001
01111001
01001000
00000001
10000010
00000001
01101111
01001000
00000001
10000010
00000001
01110101
01001000
00000001
10000010
00000001
01110010
01001000
00000001
10000010
00000001
00100000
01001000
00000001
10000010
00000001
01100011
01001000
00000001
10000010
00000001
01101111
01001000
00000001
10000010
00000001
01101001
01001000
00000001
10000010
00000001
01101110
01001000
00000001
10000010
00000001
00100000
01001000
00000001
10000010
00000001
01101001
01001000
00000001
10000010
00000001
01101110
01001000
00000001
10000010
00000001
00100000
01001000
00000001
10000010
00000001
01110010
01001000
00000001
10000010
00000001
01101111
01001000
00000001
10000010
00000001
01101111
01001000
00000001
10000010
00000001
01101101
01001000
00000001
10000010
00000001
00100000
01001000
00000001
10000010
00000001
00110010
10000010
00000010
00100100
10101000
00000001
00000010
10000010
00000010
00010010
10101011
00000001
00000010
01001000
00000001
10000010
00000001
10101011
10000010
00000010
00001110
10101000
00000001
00000010
10000010
00000010
00111001
10101011
00000001
00000010
01001000
00000001
10000010
00000001
10110110
10000010
00000010
00100001
10101000
00000001
00000010
10000010
00000010
00010011
10101011
00000001
00000010
01001000
00000001
00000001